osu file format v14

[General]
AudioFilename: Beethoven's Symphony Virus.mp3
AudioLeadIn: 0
PreviewTime: -1
Countdown: 1
SampleSet: Normal
StackLeniency: 0.7
Mode: 0
LetterboxInBreaks: 0
WidescreenStoryboard: 1

[Editor]
DistanceSpacing: 1.3
BeatDivisor: 4
GridSize: 8
TimelineZoom: 1.3

[Metadata]
Title:Beethoven Virus
TitleUnicode:Beethoven Virus
Artist:Banya
ArtistUnicode:Banya
Creator:flyboy87
Version:Beat Harder Easy
Source:
Tags:
BeatmapID:0
BeatmapSetID:540

[Difficulty]
HPDrainRate:6
CircleSize:4
OverallDifficulty:5
ApproachRate:5
SliderMultiplier:1
SliderTickRate:1

[Events]
//Background and Video events
0,0,"beethoven.png",0,0
//Break Periods
2,40707,52990
2,59966,64858
//Storyboard Layer 0 (Background)
//Storyboard Layer 1 (Fail)
//Storyboard Layer 2 (Pass)
//Storyboard Layer 3 (Foreground)
//Storyboard Layer 4 (Overlay)
//Storyboard Sound Samples

[TimingPoints]
5322,370.37037037037,4,1,0,100,1,0


[HitObjects]
256,72,5321,5,0,0:0:0:0:
256,192,5692,1,0,0:0:0:0:
256,304,6062,1,0,0:0:0:0:
128,96,6803,5,0,0:0:0:0:
376,96,7173,1,0,0:0:0:0:
176,224,7544,1,0,0:0:0:0:
312,224,8284,1,0,0:0:0:0:
368,176,8655,1,0,0:0:0:0:
184,112,9025,1,0,0:0:0:0:
256,192,9766,5,0,0:0:0:0:
256,192,10136,12,0,10321,0:0:0:0:
256,192,10507,5,0,0:0:0:0:
256,192,10877,12,0,11062,0:0:0:0:
256,192,11247,12,0,11618,0:0:0:0:
120,280,12729,6,0,B|120:312|120:328|120:320,1,25
384,280,12821,6,0,L|408:304,1,25
256,192,13099,12,0,13284,0:0:0:0:
384,80,13469,5,0,0:0:0:0:
120,80,13470,2,0,L|120:104,1,25
120,240,13839,1,0,0:0:0:0:
360,240,14025,1,0,0:0:0:0:
256,192,14210,12,0,14396,0:0:0:0:
256,208,14951,5,0,0:0:0:0:
256,72,15321,5,0,0:0:0:0:
352,264,15692,1,0,0:0:0:0:
152,264,15692,1,0,0:0:0:0:
200,344,16062,1,0,0:0:0:0:
304,344,16062,1,0,0:0:0:0:
112,120,16433,1,0,0:0:0:0:
400,120,16433,1,0,0:0:0:0:
328,40,16803,1,0,0:0:0:0:
184,40,16803,1,0,0:0:0:0:
256,192,17173,12,0,17359,0:0:0:0:
392,104,18655,6,0,L|392:144,1,25
112,104,18655,2,0,L|112:144,1,25
216,96,19025,2,0,L|216:136,1,25
296,96,19025,2,0,L|296:144,1,25
376,296,19396,2,0,L|344:296,1,25
144,296,19396,2,0,L|168:296,1,25
256,40,20135,1,0,0:0:0:0:
400,152,20136,1,0,0:0:0:0:
344,312,20136,1,0,0:0:0:0:
104,152,20136,1,0,0:0:0:0:
168,312,20136,1,0,0:0:0:0:
80,56,21618,6,0,P|80:88|80:80,1,25
408,56,21618,6,0,L|408:88,1,25
408,160,21988,6,0,L|408:216,1,50
80,160,21988,6,0,P|80:208|80:192,1,50
80,288,22359,6,0,L|80:320,1,25
408,288,22359,6,0,L|408:320,1,25
256,48,22729,6,0,L|232:48,1,25
256,312,22729,6,0,L|224:312,1,25
256,192,23099,5,0,0:0:0:0:
384,192,24209,5,0,0:0:0:0:
112,192,24210,1,0,0:0:0:0:
256,192,24581,1,0,0:0:0:0:
168,192,25320,1,0,0:0:0:0:
336,192,25321,1,0,0:0:0:0:
144,80,25691,1,0,0:0:0:0:
144,304,25692,1,0,0:0:0:0:
368,304,25692,1,0,0:0:0:0:
368,80,25692,1,0,0:0:0:0:
256,192,26061,1,0,0:0:0:0:
256,48,26062,1,0,0:0:0:0:
408,192,26062,1,0,0:0:0:0:
112,192,26062,1,0,0:0:0:0:
256,336,26062,1,0,0:0:0:0:
256,192,26433,12,0,26618,0:0:0:0:
256,192,26803,12,0,26989,0:0:0:0:
256,192,27173,12,0,27358,0:0:0:0:
120,64,27914,5,0,0:0:0:0:
208,64,28283,1,0,0:0:0:0:
304,64,28655,1,0,0:0:0:0:
392,64,29024,1,0,0:0:0:0:
144,80,30507,6,0,L|176:80,1,25
144,80,30507,1,0,0:0:0:0:
144,144,30877,2,0,L|176:144,1,25
144,144,30877,1,0,0:0:0:0:
144,208,31247,1,0,0:0:0:0:
144,208,31247,2,0,L|176:208,1,25
408,80,31987,1,0,0:0:0:0:
408,80,31988,2,0,L|376:80,1,25
408,152,32357,1,2,0:0:0:0:
408,152,32359,2,0,L|368:152,1,25
408,208,32727,1,2,0:0:0:0:
408,216,32729,2,0,L|360:216,1,25
296,80,33468,5,0,0:0:0:0:
368,144,33838,1,0,0:0:0:0:
368,240,34209,1,0,0:0:0:0:
296,312,34579,1,0,0:0:0:0:
216,312,34949,1,2,0:0:0:0:
144,240,35320,1,2,0:0:0:0:
144,144,35690,1,2,0:0:0:0:
80,88,37173,6,0,L|112:88,1,25
408,88,37173,2,0,L|368:88,1,25
80,288,37544,2,0,L|112:288,1,25
408,288,37544,2,0,L|368:288,1,25
256,192,38655,12,0,38840,0:0:0:0:
152,72,40136,5,0,0:0:0:0:
152,304,40136,1,0,0:0:0:0:
296,128,40136,1,0,0:0:0:0:
304,256,40136,1,0,0:0:0:0:
232,72,40136,1,0,0:0:0:0:
152,224,40136,1,0,0:0:0:0:
152,152,40136,1,0,0:0:0:0:
232,200,40136,1,0,0:0:0:0:
232,304,40136,1,0,0:0:0:0:
112,64,40505,1,2,0:0:0:0:
312,232,40507,1,0,0:0:0:0:
144,160,40507,1,0,0:0:0:0:
184,240,40507,1,0,0:0:0:0:
256,320,40507,1,0,0:0:0:0:
352,152,40507,1,0,0:0:0:0:
384,64,40507,1,0,0:0:0:0:
256,192,54210,12,0,54303,0:0:0:0:
256,192,54581,12,0,54766,0:0:0:0:
256,192,54951,12,0,55136,0:0:0:0:
112,192,55689,5,0,0:0:0:0:
256,48,55692,1,0,0:0:0:0:
400,192,55692,1,0,0:0:0:0:
256,328,55692,1,2,0:0:0:0:
256,192,56062,1,0,0:0:0:0:
112,48,56062,1,0,0:0:0:0:
400,48,56062,1,0,0:0:0:0:
400,328,56062,1,0,0:0:0:0:
112,328,56062,1,0,0:0:0:0:
304,328,56429,1,2,0:0:0:0:
112,136,56433,1,0,0:0:0:0:
208,48,56433,1,0,0:0:0:0:
304,48,56433,1,0,0:0:0:0:
400,136,56433,1,0,0:0:0:0:
400,240,56433,1,0,0:0:0:0:
112,240,56433,1,0,0:0:0:0:
208,328,56433,1,0,0:0:0:0:
408,48,57173,2,0,L|384:64,1,25
96,48,57173,2,0,L|136:72,1,25
88,120,57544,2,0,L|112:120,1,25
176,40,57544,2,0,L|176:72,1,25
416,120,57544,2,0,L|392:120,1,25
328,40,57544,2,0,L|328:64,1,25
88,312,57914,2,0,L|128:288,1,25
416,320,57914,2,0,L|376:296,1,25
152,72,58655,5,0,0:0:0:0:
152,152,58655,1,0,0:0:0:0:
152,224,58655,1,0,0:0:0:0:
232,304,58655,1,0,0:0:0:0:
232,200,58655,1,0,0:0:0:0:
232,72,58655,1,0,0:0:0:0:
152,304,58655,1,0,0:0:0:0:
304,256,58655,1,0,0:0:0:0:
296,128,58655,1,0,0:0:0:0:
112,64,59024,1,2,0:0:0:0:
256,320,59026,1,0,0:0:0:0:
352,152,59026,1,0,0:0:0:0:
384,64,59026,1,0,0:0:0:0:
312,232,59026,1,0,0:0:0:0:
144,160,59026,1,0,0:0:0:0:
184,240,59026,1,0,0:0:0:0:
256,192,59396,12,0,59766,0:0:0:0:
160,288,66058,6,0,B|160:176,2,100
256,192,67914,12,0,68099,0:0:0:0:
256,192,68655,12,0,68840,0:0:0:0:
256,192,69396,12,0,69581,0:0:0:0:
256,192,69766,12,0,69951,0:0:0:0:
296,64,70506,5,0,0:0:0:0:
216,312,70507,1,0,0:0:0:0:
368,144,70876,1,0,0:0:0:0:
144,240,70877,1,0,0:0:0:0:
368,240,71247,1,0,0:0:0:0:
144,144,71247,1,0,0:0:0:0:
296,312,71617,1,0,0:0:0:0:
216,64,71618,1,0,0:0:0:0:
216,312,71987,1,2,0:0:0:0:
296,64,71988,1,0,0:0:0:0:
384,192,73099,5,0,0:0:0:0:
112,192,73100,1,0,0:0:0:0:
256,192,73471,1,0,0:0:0:0:
168,192,74210,1,0,0:0:0:0:
336,192,74211,1,0,0:0:0:0:
144,80,74581,1,0,0:0:0:0:
368,80,74582,1,0,0:0:0:0:
368,304,74582,1,0,0:0:0:0:
144,304,74582,1,0,0:0:0:0:
256,192,74951,1,0,0:0:0:0:
256,48,74952,1,0,0:0:0:0:
408,192,74952,1,0,0:0:0:0:
112,192,74952,1,0,0:0:0:0:
256,336,74952,1,0,0:0:0:0:
256,192,75323,12,0,75508,0:0:0:0:
256,192,76063,12,0,76248,0:0:0:0:
256,192,76803,12,0,76989,0:0:0:0:
256,192,77544,12,0,77729,0:0:0:0:
256,192,78284,12,0,78470,0:0:0:0:
256,192,79025,12,0,79210,0:0:0:0:
80,64,79766,6,0,P|112:104|128:120,1,50
80,320,79766,2,0,L|120:288,1,50
384,64,79766,2,0,L|328:112,1,50
368,320,79766,2,0,L|328:280,1,50
208,48,80502,1,0,0:0:0:0:
104,48,80507,1,0,0:0:0:0:
304,48,80507,1,0,0:0:0:0:
408,48,80507,1,0,0:0:0:0:
152,72,81247,5,0,0:0:0:0:
152,152,81247,1,0,0:0:0:0:
152,224,81247,1,0,0:0:0:0:
232,304,81247,1,0,0:0:0:0:
232,200,81247,1,0,0:0:0:0:
304,256,81247,1,0,0:0:0:0:
152,304,81247,1,0,0:0:0:0:
296,128,81247,1,0,0:0:0:0:
232,72,81247,1,0,0:0:0:0:
112,64,81616,1,2,0:0:0:0:
312,232,81618,1,0,0:0:0:0:
144,160,81618,1,0,0:0:0:0:
184,240,81618,1,0,0:0:0:0:
256,320,81618,1,0,0:0:0:0:
352,152,81618,1,0,0:0:0:0:
384,64,81618,1,0,0:0:0:0:
296,64,82359,5,0,0:0:0:0:
216,312,82360,1,0,0:0:0:0:
368,144,82729,1,0,0:0:0:0:
144,240,82730,1,0,0:0:0:0:
144,144,83100,1,0,0:0:0:0:
368,240,83100,1,0,0:0:0:0:
296,312,83470,1,0,0:0:0:0:
216,64,83471,1,0,0:0:0:0:
216,312,83840,1,2,0:0:0:0:
296,64,83841,1,0,0:0:0:0:
384,192,84950,5,0,0:0:0:0:
112,192,84951,1,0,0:0:0:0:
256,192,85322,1,0,0:0:0:0:
168,192,86061,1,0,0:0:0:0:
336,192,86062,1,0,0:0:0:0:
144,80,86432,1,0,0:0:0:0:
368,80,86433,1,0,0:0:0:0:
368,304,86433,1,0,0:0:0:0:
144,304,86433,1,0,0:0:0:0:
256,192,86802,1,0,0:0:0:0:
256,48,86803,1,0,0:0:0:0:
408,192,86803,1,0,0:0:0:0:
112,192,86803,1,0,0:0:0:0:
256,336,86803,1,0,0:0:0:0:
256,192,87174,12,0,87359,0:0:0:0:
256,192,87544,12,0,87730,0:0:0:0:
256,192,87914,12,0,88099,0:0:0:0:
120,64,88655,5,0,0:0:0:0:
120,152,88655,1,0,0:0:0:0:
120,232,88655,1,0,0:0:0:0:
208,64,89024,1,0,0:0:0:0:
208,152,89025,1,0,0:0:0:0:
208,232,89025,1,0,0:0:0:0:
304,64,89396,1,0,0:0:0:0:
304,152,89396,1,0,0:0:0:0:
304,232,89396,1,0,0:0:0:0:
392,64,89765,1,0,0:0:0:0:
392,152,89766,1,0,0:0:0:0:
392,232,89766,1,0,0:0:0:0:
256,192,91988,12,0,92266,0:0:0:0:
256,192,93470,12,0,93840,0:0:0:0:
256,192,94210,12,0,94396,0:0:0:0:
80,72,94951,5,0,0:0:0:0:
80,152,94951,1,0,0:0:0:0:
80,232,94951,1,0,0:0:0:0:
80,312,94951,1,0,0:0:0:0:
432,72,94951,1,0,0:0:0:0:
432,152,94951,1,0,0:0:0:0:
432,232,94951,1,0,0:0:0:0:
432,312,94951,1,0,0:0:0:0:
152,72,95321,1,0,0:0:0:0:
360,72,95321,1,0,0:0:0:0:
360,152,95321,1,0,0:0:0:0:
360,232,95321,1,0,0:0:0:0:
152,232,95321,1,0,0:0:0:0:
152,312,95321,1,0,0:0:0:0:
360,312,95321,1,0,0:0:0:0:
152,152,95321,1,0,0:0:0:0:
224,72,95692,1,0,0:0:0:0:
288,152,95692,1,0,0:0:0:0:
288,72,95692,1,0,0:0:0:0:
224,152,95692,1,0,0:0:0:0:
224,232,95692,1,0,0:0:0:0:
288,232,95692,1,0,0:0:0:0:
288,312,95692,1,0,0:0:0:0:
224,312,95692,1,0,0:0:0:0:
256,192,96062,12,0,96803,0:0:0:0:
