osu file format v14

[General]
AudioFilename: audio.mp3
AudioLeadIn: 0
PreviewTime: 73500
Countdown: 0
SampleSet: Soft
StackLeniency: 0.7
Mode: 0
LetterboxInBreaks: 0
WidescreenStoryboard: 1

[Editor]
DistanceSpacing: 0.6
BeatDivisor: 4
GridSize: 4
TimelineZoom: 2.199999

[Metadata]
Title:ULTRA SYNERGY MATRIX
TitleUnicode:ULTRA SYNERGY MATRIX
Artist:Tanchiky
ArtistUnicode:Tanchiky
Creator:CaptainBasculin
Version:Beat Harder Easy
Source:maimai でらっくす FESTiVAL PLUS
Tags:karameru からめるちほー2
BeatmapID:0
BeatmapSetID:2025076

[Difficulty]
HPDrainRate:4.8
CircleSize:4
OverallDifficulty:8.7
ApproachRate:9.2
SliderMultiplier:1.4
SliderTickRate:1

[Events]
//Background and Video events
0,0,"USM.jpeg",0,0
Video,0,"synergy.mp4"
//Break Periods
//Storyboard Layer 0 (Background)
//Storyboard Layer 1 (Fail)
//Storyboard Layer 2 (Pass)
//Storyboard Layer 3 (Foreground)
//Storyboard Layer 4 (Overlay)
//Storyboard Sound Samples

[TimingPoints]
0,375,4,2,0,100,1,0


[Colours]
Combo1 : 172,89,89
Combo2 : 216,216,216
Combo3 : 0,221,221

[HitObjects]
256,191,7500,1,0,0:0:0:0:
328,192,7875,1,0,0:0:0:0:
256,120,7875,1,0,0:0:0:0:
256,264,7875,1,0,0:0:0:0:
184,192,7875,1,0,0:0:0:0:
184,120,8250,1,0,0:0:0:0:
256,191,8250,1,0,0:0:0:0:
332,120,8250,1,0,0:0:0:0:
180,264,8250,1,0,0:0:0:0:
332,264,8250,1,0,0:0:0:0:
256,191,9000,1,0,0:0:0:0:
328,192,9375,1,0,0:0:0:0:
256,264,9375,1,0,0:0:0:0:
184,192,9375,1,0,0:0:0:0:
256,120,9375,1,0,0:0:0:0:
180,264,9750,1,0,0:0:0:0:
332,264,9750,1,0,0:0:0:0:
332,120,9750,1,0,0:0:0:0:
184,120,9750,1,0,0:0:0:0:
256,191,9750,1,0,0:0:0:0:
256,191,10500,1,0,0:0:0:0:
256,264,10875,1,0,0:0:0:0:
184,192,10875,1,0,0:0:0:0:
328,192,10875,1,0,0:0:0:0:
256,120,10875,1,0,0:0:0:0:
184,120,11250,1,0,0:0:0:0:
256,191,11250,1,0,0:0:0:0:
332,120,11250,1,0,0:0:0:0:
180,264,11250,1,0,0:0:0:0:
332,264,11250,1,0,0:0:0:0:
256,192,13500,12,0,13875,0:0:0:0:
96,60,14250,6,0,P|128:84|152:104,1,70
400,48,14625,2,0,L|352:100,1,70
80,192,15000,2,0,L|156:192,1,70
420,192,15375,2,0,L|348:192,1,70
108,228,15750,1,0,0:0:0:0:
180,228,15750,1,0,0:0:0:0:
252,228,15750,1,0,0:0:0:0:
392,228,15750,1,0,0:0:0:0:
324,228,15750,1,0,0:0:0:0:
104,292,15750,1,0,0:0:0:0:
176,292,15750,1,0,0:0:0:0:
248,292,15750,1,0,0:0:0:0:
320,292,15750,1,0,0:0:0:0:
392,296,15750,1,0,0:0:0:0:
104,352,15750,1,0,0:0:0:0:
176,352,15750,1,0,0:0:0:0:
248,352,15750,1,0,0:0:0:0:
320,352,15750,1,0,0:0:0:0:
388,352,15750,1,0,0:0:0:0:
108,156,16125,1,0,0:0:0:0:
396,100,16125,1,0,0:0:0:0:
324,96,16125,1,0,0:0:0:0:
180,156,16125,1,0,0:0:0:0:
392,156,16125,1,0,0:0:0:0:
324,156,16125,1,0,0:0:0:0:
252,156,16125,1,0,0:0:0:0:
252,96,16125,1,0,0:0:0:0:
256,32,16125,1,0,0:0:0:0:
184,32,16125,1,0,0:0:0:0:
112,32,16125,1,0,0:0:0:0:
396,32,16125,1,0,0:0:0:0:
180,96,16125,1,0,0:0:0:0:
108,96,16125,1,0,0:0:0:0:
328,32,16125,1,0,0:0:0:0:
256,192,16500,12,0,16781,0:0:0:0:
352,28,17250,5,0,0:0:0:0:
164,28,17250,1,0,0:0:0:0:
164,96,17250,1,0,0:0:0:0:
352,96,17250,1,0,0:0:0:0:
352,164,17625,5,0,0:0:0:0:
164,232,17625,1,0,0:0:0:0:
352,232,17625,1,0,0:0:0:0:
164,164,17625,1,0,0:0:0:0:
348,288,18000,5,0,0:0:0:0:
160,356,18000,1,0,0:0:0:0:
348,356,18000,1,0,0:0:0:0:
160,288,18000,1,0,0:0:0:0:
120,24,18375,5,0,0:0:0:0:
388,24,18375,1,0,0:0:0:0:
188,24,18375,1,0,0:0:0:0:
256,24,18375,1,0,0:0:0:0:
324,24,18375,1,0,0:0:0:0:
256,192,18750,12,0,18937,0:0:0:0:
96,352,19500,6,0,L|120:324,1,35
256,360,19875,2,0,L|256:320,1,35
396,360,20250,2,0,L|360:312,1,35
256,192,20625,12,0,20812,0:0:0:0:
88,88,21000,5,0,0:0:0:0:
152,88,21000,1,0,0:0:0:0:
88,156,21000,1,0,0:0:0:0:
152,156,21000,1,0,0:0:0:0:
352,92,21375,5,0,0:0:0:0:
352,160,21375,1,0,0:0:0:0:
416,160,21375,1,0,0:0:0:0:
416,92,21375,1,0,0:0:0:0:
256,28,21750,1,0,0:0:0:0:
256,96,21750,1,0,0:0:0:0:
256,164,21750,1,0,0:0:0:0:
256,232,21750,1,0,0:0:0:0:
256,296,21750,1,0,0:0:0:0:
256,352,21750,1,0,0:0:0:0:
256,192,22125,12,0,22312,0:0:0:0:
400,56,22875,2,0,L|400:100,1,35
328,52,22875,2,0,L|328:108,1,35
92,60,23250,6,0,L|92:112,1,35
160,56,23250,2,0,L|160:112,1,35
88,352,24000,1,0,0:0:0:0:
392,32,24000,1,0,0:0:0:0:
392,348,24000,1,0,0:0:0:0:
96,32,24000,1,0,0:0:0:0:
144,84,24000,1,0,0:0:0:0:
136,300,24000,1,0,0:0:0:0:
348,84,24000,1,0,0:0:0:0:
344,300,24000,1,0,0:0:0:0:
284,224,24375,1,0,0:0:0:0:
284,160,24375,1,0,0:0:0:0:
224,160,24375,1,0,0:0:0:0:
228,220,24375,1,0,0:0:0:0:
316,264,24375,1,0,0:0:0:0:
180,124,24375,1,0,0:0:0:0:
180,256,24375,1,0,0:0:0:0:
316,124,24375,1,0,0:0:0:0:
256,192,24750,2,0,L|304:192,1,35
256,192,25500,12,0,25687,0:0:0:0:
136,348,25875,6,0,L|136:296,1,35
364,352,25875,2,0,L|364:300,1,35
136,184,26250,1,0,0:0:0:0:
360,184,26250,1,0,0:0:0:0:
256,192,26625,12,0,26812,0:0:0:0:
256,192,27000,12,0,27187,0:0:0:0:
192,116,27375,5,0,0:0:0:0:
316,116,27375,1,0,0:0:0:0:
160,228,27375,1,0,0:0:0:0:
224,228,27375,1,0,0:0:0:0:
288,228,27375,1,0,0:0:0:0:
352,228,27375,1,0,0:0:0:0:
356,60,27750,6,0,L|356:104,1,35
412,192,27750,2,0,L|376:192,1,35
72,188,27750,2,0,L|128:188,1,35
120,60,27750,2,0,L|120:124,1,35
160,192,28125,1,0,0:0:0:0:
348,192,28125,1,0,0:0:0:0:
256,92,28125,1,0,0:0:0:0:
256,288,28125,1,0,0:0:0:0:
256,192,28500,12,0,28687,0:0:0:0:
356,60,28875,6,0,L|356:104,1,35
72,188,28875,2,0,L|128:188,1,35
412,192,28875,2,0,L|376:192,1,35
120,60,28875,2,0,L|120:124,1,35
256,92,29250,1,0,0:0:0:0:
256,288,29250,1,0,0:0:0:0:
160,192,29250,1,0,0:0:0:0:
348,192,29250,1,0,0:0:0:0:
256,192,30000,12,0,30187,0:0:0:0:
356,60,30375,6,0,L|356:104,1,35
412,192,30375,2,0,L|376:192,1,35
72,188,30375,2,0,L|128:188,1,35
120,60,30375,2,0,L|120:124,1,35
224,32,30750,1,0,0:0:0:0:
156,32,30750,1,0,0:0:0:0:
360,32,30750,1,0,0:0:0:0:
288,32,30750,1,0,0:0:0:0:
256,192,31125,12,0,31312,0:0:0:0:
356,60,31500,6,0,L|356:104,1,35
412,192,31500,2,0,L|376:192,1,35
72,188,31500,2,0,L|128:188,1,35
120,60,31500,2,0,L|120:124,1,35
160,192,31875,1,0,0:0:0:0:
348,192,31875,1,0,0:0:0:0:
256,92,31875,1,0,0:0:0:0:
256,288,31875,1,0,0:0:0:0:
256,192,32250,12,0,32437,0:0:0:0:
356,60,32625,6,0,L|356:104,1,35
72,188,32625,2,0,L|128:188,1,35
120,60,32625,2,0,L|120:124,1,35
412,192,32625,2,0,L|376:192,1,35
224,32,33000,1,0,0:0:0:0:
156,32,33000,1,0,0:0:0:0:
360,32,33000,1,0,0:0:0:0:
288,32,33000,1,0,0:0:0:0:
256,192,33375,12,0,33562,0:0:0:0:
356,60,33750,6,0,L|356:104,1,35
120,60,33750,2,0,L|120:124,1,35
412,192,33750,2,0,L|376:192,1,35
72,188,33750,2,0,L|128:188,1,35
256,92,34125,1,0,0:0:0:0:
256,288,34125,1,0,0:0:0:0:
160,192,34125,1,0,0:0:0:0:
348,192,34125,1,0,0:0:0:0:
256,192,34500,12,0,34687,0:0:0:0:
356,60,34875,6,0,L|356:104,1,35
412,192,34875,2,0,L|376:192,1,35
72,188,34875,2,0,L|128:188,1,35
120,60,34875,2,0,L|120:124,1,35
256,192,35250,12,0,35437,0:0:0:0:
356,60,35625,6,0,L|356:104,1,35
72,188,35625,2,0,L|128:188,1,35
120,60,35625,2,0,L|120:124,1,35
412,192,35625,2,0,L|376:192,1,35
256,192,36000,12,0,36187,0:0:0:0:
256,192,36375,12,0,36562,0:0:0:0:
256,192,36750,12,0,36937,0:0:0:0:
184,60,37125,5,0,0:0:0:0:
184,128,37125,1,0,0:0:0:0:
320,56,37125,1,0,0:0:0:0:
320,128,37125,1,0,0:0:0:0:
116,208,37125,1,0,0:0:0:0:
188,208,37125,1,0,0:0:0:0:
260,208,37125,1,0,0:0:0:0:
316,208,37125,1,0,0:0:0:0:
384,208,37125,1,0,0:0:0:0:
348,272,37125,1,0,0:0:0:0:
284,304,37125,1,0,0:0:0:0:
216,304,37125,1,0,0:0:0:0:
156,276,37125,1,0,0:0:0:0:
256,192,40500,12,0,40875,0:0:0:0:
256,192,42000,12,0,42187,0:0:0:0:
256,192,43500,12,0,43687,0:0:0:0:
256,192,45000,12,0,45375,0:0:0:0:
256,192,46500,12,0,46875,0:0:0:0:
256,192,48000,12,0,48187,0:0:0:0:
256,191,49500,1,0,0:0:0:0:
184,192,49875,1,0,0:0:0:0:
256,120,49875,1,0,0:0:0:0:
328,192,49875,1,0,0:0:0:0:
256,264,49875,1,0,0:0:0:0:
184,120,50250,1,0,0:0:0:0:
180,264,50250,1,0,0:0:0:0:
256,191,50250,1,0,0:0:0:0:
332,120,50250,1,0,0:0:0:0:
332,264,50250,1,0,0:0:0:0:
256,191,51000,1,0,0:0:0:0:
328,192,51375,1,0,0:0:0:0:
256,264,51375,1,0,0:0:0:0:
184,192,51375,1,0,0:0:0:0:
256,120,51375,1,0,0:0:0:0:
332,120,51750,1,0,0:0:0:0:
332,264,51750,1,0,0:0:0:0:
256,191,51750,1,0,0:0:0:0:
184,120,51750,1,0,0:0:0:0:
180,264,51750,1,0,0:0:0:0:
256,191,52500,1,0,0:0:0:0:
184,192,52875,1,0,0:0:0:0:
256,120,52875,1,0,0:0:0:0:
328,192,52875,1,0,0:0:0:0:
256,264,52875,1,0,0:0:0:0:
184,120,53250,1,0,0:0:0:0:
180,264,53250,1,0,0:0:0:0:
256,191,53250,1,0,0:0:0:0:
332,120,53250,1,0,0:0:0:0:
332,264,53250,1,0,0:0:0:0:
256,191,54000,1,0,0:0:0:0:
328,192,54375,1,0,0:0:0:0:
256,264,54375,1,0,0:0:0:0:
184,192,54375,1,0,0:0:0:0:
256,120,54375,1,0,0:0:0:0:
332,120,54750,1,0,0:0:0:0:
332,264,54750,1,0,0:0:0:0:
256,191,54750,1,0,0:0:0:0:
184,120,54750,1,0,0:0:0:0:
180,264,54750,1,0,0:0:0:0:
256,192,55500,12,0,55687,0:0:0:0:
112,44,55875,6,0,L|112:100,1,35
376,44,55875,2,0,L|376:108,1,35
72,192,56250,2,0,L|120:192,1,35
420,192,56250,2,0,L|360:192,1,35
256,192,57000,12,0,57187,0:0:0:0:
112,44,57375,6,0,L|112:100,1,35
376,44,57375,2,0,L|376:108,1,35
420,192,57750,2,0,L|360:192,1,35
72,192,57750,2,0,L|120:192,1,35
256,192,58500,12,0,58687,0:0:0:0:
112,44,58875,6,0,L|112:100,1,35
376,44,58875,2,0,L|376:108,1,35
72,192,59250,2,0,L|120:192,1,35
420,192,59250,2,0,L|360:192,1,35
116,84,60750,1,0,0:0:0:0:
188,84,60750,1,0,0:0:0:0:
256,84,60750,1,0,0:0:0:0:
324,84,60750,1,0,0:0:0:0:
392,84,60750,1,0,0:0:0:0:
116,156,60750,1,0,0:0:0:0:
188,156,60750,1,0,0:0:0:0:
256,156,60750,1,0,0:0:0:0:
324,156,60750,1,0,0:0:0:0:
392,156,60750,1,0,0:0:0:0:
256,192,61500,12,0,61781,0:0:0:0:
256,192,61875,12,0,62156,0:0:0:0:
256,192,62250,12,0,62531,0:0:0:0:
256,192,63000,12,0,63281,0:0:0:0:
256,192,63375,12,0,63656,0:0:0:0:
256,192,63750,12,0,64031,0:0:0:0:
256,192,64500,12,0,64781,0:0:0:0:
256,192,64875,12,0,65156,0:0:0:0:
256,192,65250,12,0,65531,0:0:0:0:
256,192,66000,12,0,66281,0:0:0:0:
256,192,66375,12,0,66562,0:0:0:0:
256,192,66750,12,0,67031,0:0:0:0:
316,168,67500,5,0,0:0:0:0:
316,228,67500,1,0,0:0:0:0:
268,272,67500,1,0,0:0:0:0:
200,272,67500,1,0,0:0:0:0:
148,228,67500,1,0,0:0:0:0:
148,164,67500,1,0,0:0:0:0:
148,96,67500,1,0,0:0:0:0:
316,104,67500,1,0,0:0:0:0:
148,116,67875,1,0,0:0:0:0:
264,308,67875,1,0,0:0:0:0:
260,64,67875,1,0,0:0:0:0:
196,312,67875,1,0,0:0:0:0:
296,256,67875,1,0,0:0:0:0:
316,104,67875,1,0,0:0:0:0:
192,64,67875,1,0,0:0:0:0:
188,172,67875,1,0,0:0:0:0:
144,276,67875,1,0,0:0:0:0:
248,208,67875,1,0,0:0:0:0:
160,192,68250,1,0,0:0:0:0:
248,244,68250,1,0,0:0:0:0:
136,248,68250,1,0,0:0:0:0:
188,136,68250,1,0,0:0:0:0:
348,188,68250,1,0,0:0:0:0:
312,136,68250,1,0,0:0:0:0:
284,192,68250,1,0,0:0:0:0:
368,240,68250,1,0,0:0:0:0:
224,192,68250,1,0,0:0:0:0:
148,164,69000,1,0,0:0:0:0:
148,228,69000,1,0,0:0:0:0:
316,104,69000,1,0,0:0:0:0:
148,96,69000,1,0,0:0:0:0:
316,228,69000,1,0,0:0:0:0:
316,168,69000,1,0,0:0:0:0:
200,272,69000,1,0,0:0:0:0:
268,272,69000,1,0,0:0:0:0:
192,64,69375,1,0,0:0:0:0:
316,104,69375,1,0,0:0:0:0:
188,172,69375,1,0,0:0:0:0:
248,208,69375,1,0,0:0:0:0:
144,276,69375,1,0,0:0:0:0:
264,308,69375,1,0,0:0:0:0:
148,116,69375,1,0,0:0:0:0:
260,64,69375,1,0,0:0:0:0:
296,256,69375,1,0,0:0:0:0:
196,312,69375,1,0,0:0:0:0:
284,192,69750,1,0,0:0:0:0:
312,136,69750,1,0,0:0:0:0:
224,192,69750,1,0,0:0:0:0:
368,240,69750,1,0,0:0:0:0:
348,188,69750,1,0,0:0:0:0:
248,244,69750,1,0,0:0:0:0:
160,192,69750,1,0,0:0:0:0:
188,136,69750,1,0,0:0:0:0:
136,248,69750,1,0,0:0:0:0:
316,104,70500,1,0,0:0:0:0:
148,96,70500,1,0,0:0:0:0:
148,164,70500,1,0,0:0:0:0:
148,228,70500,1,0,0:0:0:0:
200,272,70500,1,0,0:0:0:0:
268,272,70500,1,0,0:0:0:0:
316,228,70500,1,0,0:0:0:0:
316,168,70500,1,0,0:0:0:0:
188,172,70875,1,0,0:0:0:0:
192,64,70875,1,0,0:0:0:0:
144,276,70875,1,0,0:0:0:0:
264,308,70875,1,0,0:0:0:0:
296,256,70875,1,0,0:0:0:0:
260,64,70875,1,0,0:0:0:0:
248,208,70875,1,0,0:0:0:0:
316,104,70875,1,0,0:0:0:0:
148,116,70875,1,0,0:0:0:0:
196,312,70875,1,0,0:0:0:0:
248,244,71250,1,0,0:0:0:0:
160,192,71250,1,0,0:0:0:0:
368,240,71250,1,0,0:0:0:0:
136,248,71250,1,0,0:0:0:0:
188,136,71250,1,0,0:0:0:0:
348,188,71250,1,0,0:0:0:0:
312,136,71250,1,0,0:0:0:0:
224,192,71250,1,0,0:0:0:0:
284,192,71250,1,0,0:0:0:0:
268,272,72000,1,0,0:0:0:0:
200,272,72000,1,0,0:0:0:0:
316,168,72000,1,0,0:0:0:0:
316,228,72000,1,0,0:0:0:0:
148,96,72000,1,0,0:0:0:0:
316,104,72000,1,0,0:0:0:0:
148,228,72000,1,0,0:0:0:0:
148,164,72000,1,0,0:0:0:0:
248,208,72375,1,0,0:0:0:0:
260,64,72375,1,0,0:0:0:0:
316,104,72375,1,0,0:0:0:0:
196,312,72375,1,0,0:0:0:0:
148,116,72375,1,0,0:0:0:0:
192,64,72375,1,0,0:0:0:0:
188,172,72375,1,0,0:0:0:0:
144,276,72375,1,0,0:0:0:0:
296,256,72375,1,0,0:0:0:0:
264,308,72375,1,0,0:0:0:0:
312,136,72750,1,0,0:0:0:0:
348,188,72750,1,0,0:0:0:0:
284,192,72750,1,0,0:0:0:0:
224,192,72750,1,0,0:0:0:0:
188,136,72750,1,0,0:0:0:0:
160,192,72750,1,0,0:0:0:0:
248,244,72750,1,0,0:0:0:0:
136,248,72750,1,0,0:0:0:0:
368,240,72750,1,0,0:0:0:0:
256,192,73500,12,0,73687,0:0:0:0:
136,348,73875,6,0,L|136:296,1,35
364,352,73875,2,0,L|364:300,1,35
136,184,74250,1,0,0:0:0:0:
360,184,74250,1,0,0:0:0:0:
256,192,74625,12,0,74812,0:0:0:0:
256,192,75000,12,0,75187,0:0:0:0:
192,116,75375,5,0,0:0:0:0:
160,228,75375,1,0,0:0:0:0:
316,116,75375,1,0,0:0:0:0:
224,228,75375,1,0,0:0:0:0:
352,228,75375,1,0,0:0:0:0:
288,228,75375,1,0,0:0:0:0:
356,60,75750,6,0,L|356:104,1,35
72,188,75750,2,0,L|128:188,1,35
412,192,75750,2,0,L|376:192,1,35
120,60,75750,2,0,L|120:124,1,35
160,192,76125,1,0,0:0:0:0:
256,288,76125,1,0,0:0:0:0:
348,192,76125,1,0,0:0:0:0:
256,92,76125,1,0,0:0:0:0:
256,192,76500,12,0,76687,0:0:0:0:
356,60,76875,6,0,L|356:104,1,35
412,192,76875,2,0,L|376:192,1,35
72,188,76875,2,0,L|128:188,1,35
120,60,76875,2,0,L|120:124,1,35
348,192,77250,1,0,0:0:0:0:
160,192,77250,1,0,0:0:0:0:
256,288,77250,1,0,0:0:0:0:
256,92,77250,1,0,0:0:0:0:
256,192,78000,12,0,78187,0:0:0:0:
356,60,78375,6,0,L|356:104,1,35
412,192,78375,2,0,L|376:192,1,35
72,188,78375,2,0,L|128:188,1,35
120,60,78375,2,0,L|120:124,1,35
288,32,78750,1,0,0:0:0:0:
156,32,78750,1,0,0:0:0:0:
360,32,78750,1,0,0:0:0:0:
224,32,78750,1,0,0:0:0:0:
256,192,79125,12,0,79312,0:0:0:0:
356,60,79500,6,0,L|356:104,1,35
72,188,79500,2,0,L|128:188,1,35
120,60,79500,2,0,L|120:124,1,35
412,192,79500,2,0,L|376:192,1,35
348,192,79875,1,0,0:0:0:0:
256,288,79875,1,0,0:0:0:0:
160,192,79875,1,0,0:0:0:0:
256,92,79875,1,0,0:0:0:0:
256,192,80250,12,0,80437,0:0:0:0:
356,60,80625,6,0,L|356:104,1,35
412,192,80625,2,0,L|376:192,1,35
72,188,80625,2,0,L|128:188,1,35
120,60,80625,2,0,L|120:124,1,35
156,32,81000,1,0,0:0:0:0:
224,32,81000,1,0,0:0:0:0:
288,32,81000,1,0,0:0:0:0:
360,32,81000,1,0,0:0:0:0:
256,192,81375,12,0,81562,0:0:0:0:
356,60,81750,6,0,L|356:104,1,35
412,192,81750,2,0,L|376:192,1,35
120,60,81750,2,0,L|120:124,1,35
72,188,81750,2,0,L|128:188,1,35
160,192,82125,1,0,0:0:0:0:
256,288,82125,1,0,0:0:0:0:
256,92,82125,1,0,0:0:0:0:
348,192,82125,1,0,0:0:0:0:
256,192,82500,12,0,82687,0:0:0:0:
356,60,82875,6,0,L|356:104,1,35
120,60,82875,2,0,L|120:124,1,35
72,188,82875,2,0,L|128:188,1,35
412,192,82875,2,0,L|376:192,1,35
256,192,83250,12,0,83437,0:0:0:0:
356,60,83625,6,0,L|356:104,1,35
120,60,83625,2,0,L|120:124,1,35
72,188,83625,2,0,L|128:188,1,35
412,192,83625,2,0,L|376:192,1,35
256,192,84000,12,0,84187,0:0:0:0:
256,192,84375,12,0,84562,0:0:0:0:
256,192,84750,12,0,84937,0:0:0:0:
184,60,85125,5,0,0:0:0:0:
156,276,85125,1,0,0:0:0:0:
384,208,85125,1,0,0:0:0:0:
188,208,85125,1,0,0:0:0:0:
260,208,85125,1,0,0:0:0:0:
348,272,85125,1,0,0:0:0:0:
284,304,85125,1,0,0:0:0:0:
320,56,85125,1,0,0:0:0:0:
216,304,85125,1,0,0:0:0:0:
184,128,85125,1,0,0:0:0:0:
316,208,85125,1,0,0:0:0:0:
320,128,85125,1,0,0:0:0:0:
116,208,85125,1,0,0:0:0:0:
148,164,85500,1,0,0:0:0:0:
148,228,85500,1,0,0:0:0:0:
316,104,85500,1,0,0:0:0:0:
148,96,85500,1,0,0:0:0:0:
316,228,85500,1,0,0:0:0:0:
316,168,85500,1,0,0:0:0:0:
200,272,85500,1,0,0:0:0:0:
268,272,85500,1,0,0:0:0:0:
144,276,85875,1,0,0:0:0:0:
188,172,85875,1,0,0:0:0:0:
296,256,85875,1,0,0:0:0:0:
260,64,85875,1,0,0:0:0:0:
148,116,85875,1,0,0:0:0:0:
316,104,85875,1,0,0:0:0:0:
264,308,85875,1,0,0:0:0:0:
192,64,85875,1,0,0:0:0:0:
248,208,85875,1,0,0:0:0:0:
196,312,85875,1,0,0:0:0:0:
348,188,86250,1,0,0:0:0:0:
312,136,86250,1,0,0:0:0:0:
136,248,86250,1,0,0:0:0:0:
284,192,86250,1,0,0:0:0:0:
188,136,86250,1,0,0:0:0:0:
160,192,86250,1,0,0:0:0:0:
368,240,86250,1,0,0:0:0:0:
248,244,86250,1,0,0:0:0:0:
256,192,87000,12,0,87187,0:0:0:0:
256,192,87375,12,0,87562,0:0:0:0:
256,192,87750,12,0,87937,0:0:0:0:
148,164,88500,5,0,0:0:0:0:
148,228,88500,1,0,0:0:0:0:
316,104,88500,1,0,0:0:0:0:
148,96,88500,1,0,0:0:0:0:
316,228,88500,1,0,0:0:0:0:
316,168,88500,1,0,0:0:0:0:
200,272,88500,1,0,0:0:0:0:
268,272,88500,1,0,0:0:0:0:
144,276,88875,1,0,0:0:0:0:
188,172,88875,1,0,0:0:0:0:
296,256,88875,1,0,0:0:0:0:
260,64,88875,1,0,0:0:0:0:
148,116,88875,1,0,0:0:0:0:
316,104,88875,1,0,0:0:0:0:
264,308,88875,1,0,0:0:0:0:
192,64,88875,1,0,0:0:0:0:
248,208,88875,1,0,0:0:0:0:
196,312,88875,1,0,0:0:0:0:
348,188,89250,1,0,0:0:0:0:
312,136,89250,1,0,0:0:0:0:
136,248,89250,1,0,0:0:0:0:
284,192,89250,1,0,0:0:0:0:
224,192,89250,1,0,0:0:0:0:
188,136,89250,1,0,0:0:0:0:
160,192,89250,1,0,0:0:0:0:
368,240,89250,1,0,0:0:0:0:
248,244,89250,1,0,0:0:0:0:
256,192,90000,12,0,90187,0:0:0:0:
256,192,90375,12,0,90562,0:0:0:0:
256,192,90750,12,0,90937,0:0:0:0:
148,164,91500,5,0,0:0:0:0:
148,228,91500,1,0,0:0:0:0:
316,104,91500,1,0,0:0:0:0:
148,96,91500,1,0,0:0:0:0:
316,228,91500,1,0,0:0:0:0:
316,168,91500,1,0,0:0:0:0:
200,272,91500,1,0,0:0:0:0:
268,272,91500,1,0,0:0:0:0:
144,276,91875,1,0,0:0:0:0:
188,172,91875,1,0,0:0:0:0:
296,256,91875,1,0,0:0:0:0:
260,64,91875,1,0,0:0:0:0:
148,116,91875,1,0,0:0:0:0:
316,104,91875,1,0,0:0:0:0:
264,308,91875,1,0,0:0:0:0:
192,64,91875,1,0,0:0:0:0:
248,208,91875,1,0,0:0:0:0:
196,312,91875,1,0,0:0:0:0:
348,188,92250,1,0,0:0:0:0:
312,136,92250,1,0,0:0:0:0:
136,248,92250,1,0,0:0:0:0:
284,192,92250,1,0,0:0:0:0:
224,192,92250,1,0,0:0:0:0:
188,136,92250,1,0,0:0:0:0:
160,192,92250,1,0,0:0:0:0:
368,240,92250,1,0,0:0:0:0:
248,244,92250,1,0,0:0:0:0:
256,192,93000,12,0,93187,0:0:0:0:
256,192,93375,12,0,93562,0:0:0:0:
256,192,93750,12,0,93937,0:0:0:0:
148,164,94500,5,0,0:0:0:0:
148,228,94500,1,0,0:0:0:0:
316,228,94500,1,0,0:0:0:0:
148,96,94500,1,0,0:0:0:0:
316,104,94500,1,0,0:0:0:0:
316,168,94500,1,0,0:0:0:0:
268,272,94500,1,0,0:0:0:0:
200,272,94500,1,0,0:0:0:0:
264,308,94875,1,0,0:0:0:0:
316,104,94875,1,0,0:0:0:0:
192,64,94875,1,0,0:0:0:0:
196,312,94875,1,0,0:0:0:0:
248,208,94875,1,0,0:0:0:0:
188,172,94875,1,0,0:0:0:0:
144,276,94875,1,0,0:0:0:0:
296,256,94875,1,0,0:0:0:0:
148,116,94875,1,0,0:0:0:0:
260,64,94875,1,0,0:0:0:0:
348,188,95250,1,0,0:0:0:0:
312,136,95250,1,0,0:0:0:0:
136,248,95250,1,0,0:0:0:0:
284,192,95250,1,0,0:0:0:0:
224,192,95250,1,0,0:0:0:0:
188,136,95250,1,0,0:0:0:0:
160,192,95250,1,0,0:0:0:0:
368,240,95250,1,0,0:0:0:0:
248,244,95250,1,0,0:0:0:0:
256,192,96000,12,0,96187,0:0:0:0:
256,192,96375,12,0,96562,0:0:0:0:
256,192,96750,12,0,96937,0:0:0:0:
148,164,97500,5,0,0:0:0:0:
316,168,97500,1,0,0:0:0:0:
200,272,97500,1,0,0:0:0:0:
268,272,97500,1,0,0:0:0:0:
316,228,97500,1,0,0:0:0:0:
148,228,97500,1,0,0:0:0:0:
316,104,97500,1,0,0:0:0:0:
148,96,97500,1,0,0:0:0:0:
144,276,97875,1,0,0:0:0:0:
188,172,97875,1,0,0:0:0:0:
296,256,97875,1,0,0:0:0:0:
260,64,97875,1,0,0:0:0:0:
148,116,97875,1,0,0:0:0:0:
316,104,97875,1,0,0:0:0:0:
264,308,97875,1,0,0:0:0:0:
192,64,97875,1,0,0:0:0:0:
248,208,97875,1,0,0:0:0:0:
196,312,97875,1,0,0:0:0:0:
160,192,98250,1,0,0:0:0:0:
188,136,98250,1,0,0:0:0:0:
248,244,98250,1,0,0:0:0:0:
368,240,98250,1,0,0:0:0:0:
224,192,98250,1,0,0:0:0:0:
312,136,98250,1,0,0:0:0:0:
348,188,98250,1,0,0:0:0:0:
284,192,98250,1,0,0:0:0:0:
136,248,98250,1,0,0:0:0:0:
256,192,99000,12,0,99187,0:0:0:0:
256,192,99375,12,0,99562,0:0:0:0:
256,192,99750,12,0,99937,0:0:0:0:
256,192,100500,12,0,100687,0:0:0:0:
136,348,100875,6,0,L|136:296,1,35
364,352,100875,2,0,L|364:300,1,35
136,184,101250,1,0,0:0:0:0:
360,184,101250,1,0,0:0:0:0:
256,192,101625,12,0,101812,0:0:0:0:
256,192,102000,12,0,102187,0:0:0:0:
192,116,102375,5,0,0:0:0:0:
224,228,102375,1,0,0:0:0:0:
352,228,102375,1,0,0:0:0:0:
288,228,102375,1,0,0:0:0:0:
160,228,102375,1,0,0:0:0:0:
316,116,102375,1,0,0:0:0:0:
356,60,102750,6,0,L|356:104,1,35
412,192,102750,2,0,L|376:192,1,35
72,188,102750,2,0,L|128:188,1,35
120,60,102750,2,0,L|120:124,1,35
348,192,103125,1,0,0:0:0:0:
256,92,103125,1,0,0:0:0:0:
160,192,103125,1,0,0:0:0:0:
256,288,103125,1,0,0:0:0:0:
256,192,103500,12,0,103687,0:0:0:0:
356,60,103875,6,0,L|356:104,1,35
72,188,103875,2,0,L|128:188,1,35
120,60,103875,2,0,L|120:124,1,35
412,192,103875,2,0,L|376:192,1,35
348,192,104250,1,0,0:0:0:0:
160,192,104250,1,0,0:0:0:0:
256,288,104250,1,0,0:0:0:0:
256,92,104250,1,0,0:0:0:0:
256,192,105000,12,0,105187,0:0:0:0:
356,60,105375,6,0,L|356:104,1,35
72,188,105375,2,0,L|128:188,1,35
412,192,105375,2,0,L|376:192,1,35
120,60,105375,2,0,L|120:124,1,35
360,32,105750,1,0,0:0:0:0:
224,32,105750,1,0,0:0:0:0:
288,32,105750,1,0,0:0:0:0:
156,32,105750,1,0,0:0:0:0:
256,192,106125,12,0,106312,0:0:0:0:
356,60,106500,6,0,L|356:104,1,35
120,60,106500,2,0,L|120:124,1,35
412,192,106500,2,0,L|376:192,1,35
72,188,106500,2,0,L|128:188,1,35
348,192,106875,1,0,0:0:0:0:
256,288,106875,1,0,0:0:0:0:
160,192,106875,1,0,0:0:0:0:
256,92,106875,1,0,0:0:0:0:
256,192,107250,12,0,107437,0:0:0:0:
356,60,107625,6,0,L|356:104,1,35
72,188,107625,2,0,L|128:188,1,35
412,192,107625,2,0,L|376:192,1,35
120,60,107625,2,0,L|120:124,1,35
288,32,108000,1,0,0:0:0:0:
360,32,108000,1,0,0:0:0:0:
156,32,108000,1,0,0:0:0:0:
224,32,108000,1,0,0:0:0:0:
256,192,108375,12,0,108562,0:0:0:0:
356,60,108750,6,0,L|356:104,1,35
120,60,108750,2,0,L|120:124,1,35
72,188,108750,2,0,L|128:188,1,35
412,192,108750,2,0,L|376:192,1,35
160,192,109125,1,0,0:0:0:0:
256,288,109125,1,0,0:0:0:0:
256,92,109125,1,0,0:0:0:0:
348,192,109125,1,0,0:0:0:0:
256,192,109500,12,0,109687,0:0:0:0:
356,60,109875,6,0,L|356:104,1,35
72,188,109875,2,0,L|128:188,1,35
120,60,109875,2,0,L|120:124,1,35
412,192,109875,2,0,L|376:192,1,35
256,192,110250,12,0,110437,0:0:0:0:
356,60,110625,6,0,L|356:104,1,35
72,188,110625,2,0,L|128:188,1,35
120,60,110625,2,0,L|120:124,1,35
412,192,110625,2,0,L|376:192,1,35
256,192,111000,12,0,111187,0:0:0:0:
256,192,111375,12,0,111562,0:0:0:0:
256,192,111750,12,0,111937,0:0:0:0:
256,192,112500,12,0,112687,0:0:0:0:
136,348,112875,6,0,L|136:296,1,35
364,352,112875,2,0,L|364:300,1,35
360,184,113250,1,0,0:0:0:0:
136,184,113250,1,0,0:0:0:0:
256,192,113625,12,0,113812,0:0:0:0:
256,192,114000,12,0,114187,0:0:0:0:
192,116,114375,5,0,0:0:0:0:
160,228,114375,1,0,0:0:0:0:
316,116,114375,1,0,0:0:0:0:
224,228,114375,1,0,0:0:0:0:
352,228,114375,1,0,0:0:0:0:
288,228,114375,1,0,0:0:0:0:
356,60,114750,6,0,L|356:104,1,35
120,60,114750,2,0,L|120:124,1,35
412,192,114750,2,0,L|376:192,1,35
72,188,114750,2,0,L|128:188,1,35
160,192,115125,1,0,0:0:0:0:
256,288,115125,1,0,0:0:0:0:
348,192,115125,1,0,0:0:0:0:
256,92,115125,1,0,0:0:0:0:
256,192,115500,12,0,115687,0:0:0:0:
356,60,115875,6,0,L|356:104,1,35
412,192,115875,2,0,L|376:192,1,35
72,188,115875,2,0,L|128:188,1,35
120,60,115875,2,0,L|120:124,1,35
256,288,116250,1,0,0:0:0:0:
256,92,116250,1,0,0:0:0:0:
348,192,116250,1,0,0:0:0:0:
160,192,116250,1,0,0:0:0:0:
256,192,117000,12,0,117187,0:0:0:0:
356,60,117375,6,0,L|356:104,1,35
120,60,117375,2,0,L|120:124,1,35
72,188,117375,2,0,L|128:188,1,35
412,192,117375,2,0,L|376:192,1,35
288,32,117750,1,0,0:0:0:0:
156,32,117750,1,0,0:0:0:0:
360,32,117750,1,0,0:0:0:0:
224,32,117750,1,0,0:0:0:0:
256,192,118125,12,0,118312,0:0:0:0:
356,60,118500,6,0,L|356:104,1,35
72,188,118500,2,0,L|128:188,1,35
120,60,118500,2,0,L|120:124,1,35
412,192,118500,2,0,L|376:192,1,35
160,192,118875,1,0,0:0:0:0:
256,92,118875,1,0,0:0:0:0:
348,192,118875,1,0,0:0:0:0:
256,288,118875,1,0,0:0:0:0:
256,192,119250,12,0,119437,0:0:0:0:
356,60,119625,6,0,L|356:104,1,35
120,60,119625,2,0,L|120:124,1,35
72,188,119625,2,0,L|128:188,1,35
412,192,119625,2,0,L|376:192,1,35
156,32,120000,1,0,0:0:0:0:
224,32,120000,1,0,0:0:0:0:
288,32,120000,1,0,0:0:0:0:
360,32,120000,1,0,0:0:0:0:
256,192,120375,12,0,120562,0:0:0:0:
356,60,120750,6,0,L|356:104,1,35
412,192,120750,2,0,L|376:192,1,35
120,60,120750,2,0,L|120:124,1,35
72,188,120750,2,0,L|128:188,1,35
256,92,121125,1,0,0:0:0:0:
348,192,121125,1,0,0:0:0:0:
160,192,121125,1,0,0:0:0:0:
256,288,121125,1,0,0:0:0:0:
256,192,121500,12,0,121687,0:0:0:0:
356,60,121875,6,0,L|356:104,1,35
412,192,121875,2,0,L|376:192,1,35
72,188,121875,2,0,L|128:188,1,35
120,60,121875,2,0,L|120:124,1,35
256,192,122250,12,0,122437,0:0:0:0:
356,60,122625,6,0,L|356:104,1,35
412,192,122625,2,0,L|376:192,1,35
72,188,122625,2,0,L|128:188,1,35
120,60,122625,2,0,L|120:124,1,35
256,192,123000,12,0,123187,0:0:0:0:
